4068 213 4281
12761 8758 21519
23056 7717 30773
15274 24508 39782
4056 13304 17360
19945 16918 36863
24771 3983 28754
11618 13621 25239
6668 22019 28687
1112 11675 12787
17469 31624 49093
3264 31167 34431
16127 16370 32497
10925 17075 28000
20273 21625 41898
2828 4 2832
21303 3769 25072
6801 25314 32115
4501 19709 24210
26865 31872 58737
21948 28604 50552
19538 9150 28688
20259 3172 23431
22783 24070 46853
26266 15703 41969
353 20339 20692
32220 13107 45327
29227 30265 59492
19811 27479 47290
32468 13633 46101
21632 12195 33827
12874 29203 42077
4010 17278 21288
22501 18937 41438
26903 25118 52021
4249 8801 13050
6025 29188 35213
18545 6276 24821
24427 4549 28976
8248 5189 13437
27164 25104 52268
8057 604 8661
10123 12525 22648
17067 31155 48222
28164 27203 55367
14757 20496 35253
19529 29085 48614
27224 25077 52301
16869 18733 35602
3004 4549 7553
20925 10770 31695
27915 16935 44850
8936 29142 38078
15662 20399 36061
9152 2363 11515
26228 19900 46128
25401 10295 35696
21130 2716 23846
5234 6973 12207
10920 7927 18847
28810 28094 56904
26632 3178 29810
27317 7664 34981
18588 12146 30734
27279 15822 43101
31744 2188 33932
176 9568 9744
7342 8346 15688
18816 6716 25532
18801 3209 22010
29260 4173 33433
29468 21553 51021
5274 26579 31853
12923 16508 29431
23482 19627 43109
14986 21707 36693
10398 6865 17263
15077 30613 45690
10220 27683 37903
18048 3665 21713
3664 13159 16823
4760 4247 9007
28439 2192 30631
8681 22146 30827
24826 2621 27447
12322 9816 22138
25911 30851 56762
29078 17773 46851
17639 27884 45523
31540 4164 35704
22667 21439 44106
26297 24056 50353
28136 2690 30826
1828 13018 14846
16405 18366 34771
16746 1628 18374
13778 12290 26068
23916 8238 32154
23067 15402 38469
25382 20646 46028
17149 21729 38878
22569 2149 24718
23209 18277 41486
29003 4920 33923
16071 30603 46674
3229 31292 34521
10764 29442 40206
1949 20806 22755
7183 18907 26090
17837 29569 47406
13144 20553 33697
31428 29529 60957
28090 11686 39776
3684 16792 20476
17124 23735 40859
10956 20431 31387
19762 305 20067
19566 12792 32358
29897 13948 43845
26019 857 26876
20706 15286 35992
27294 4780 32074
13158 8443 21601
22942 6524 29466
4796 23012 27808
4968 722 5690
17886 22861 40747
6133 1297 7430
18099 6748 24847
31592 4895 36487
28313 15039 43352
10051 26821 36872
24896 2612 27508
15321 13913 29234
6591 13135 19726
9735 12186 21921
19937 24952 44889
15647 475 16122
7104 2099 9203
32037 30052 62089
13718 12196 25914
12606 15893 28499
32719 27218 59937
8805 16204 25009
21859 22571 44430
7776 18185 25961
26210 23240 49450
27378 1104 28482
25809 24307 50116
31059 15567 46626
29620 24422 54042
28125 1473 29598
3180 1238 4418
20488 1042 21530
20035 1840 21875
30360 30660 61020
27718 13347 41065
1045 5777 6822
11603 16094 27697
1916 31186 33102
12914 15643 28557
5428 9119 14547
30568 30044 60612
27715 24376 52091
16778 25204 41982
31682 163 31845
28880 4170 33050
23694 18327 42021
26410 13786 40196
4929 27033 31962
31255 12412 43667
11873 1893 13766
8819 17513 26332
5335 4495 9830
24208 18043 42251
6306 24682 30988
31369 4916 36285
8652 809 9461
13011 30466 43477
1437 2628 4065
25877 27585 53462
24080 20766 44846
17210 20354 37564
30083 2788 32871
15556 30859 46415
6834 5816 12650
4707 19103 23810
28902 24335 53237
18374 12671 31045
4202 18519 22721
26545 9392 35937
2879 29406 32285
20048 6271 26319
10768 21487 32255
28107 67 28174
30056 27198 57254
16666 17890 34556
24355 4485 28840
24859 23190 48049
8227 14704 22931
28641 17649 46290
7748 951 8699
20047 20511 40558
28305 3465 31770
20454 16492 36946
18360 26673 45033
24796 12549 37345
30907 1268 32175
21102 32515 53617
14313 6200 20513
16759 26021 42780
24077 14316 38393
19264 12253 31517
25061 14627 39688
1178 8975 10153
10197 4354 14551
26410 1813 28223
31197 15581 46778
10501 28550 39051
15305 30109 45414
12925 10808 23733
12199 12901 25100
9786 30467 40253
24190 15989 40179
12172 27848 40020
31037 26190 57227
2815 12210 15025
17906 22 17928
32048 23740 55788
27964 21311 49275
11232 20084 31316
15363 9060 24423
3399 7934 11333
11622 25203 36825
25002 2907 27909
20725 19985 40710
27440 7148 34588
24865 31802 56667
22514 13873 36387
7664 6952 14616
4689 31703 36392
16374 26743 43117
27532 6898 34430
6016 9094 15110
21650 29575 51225
11282 32544 43826
6420 13901 20321
28692 22108 50800
20703 24756 45459
23752 10433 34185
31593 14887 46480
2687 8622 11309
31145 13966 45111
6413 12025 18438
23084 25112 48196
31866 27351 59217
11110 14903 26013
506 23804 24310
18502 6124 24626
8479 22275 30754
21261 3908 25169
27982 28687 56669
21087 26659 47746
15216 25523 40739
9370 5184 14554
20457 22543 43000
15720 18033 33753
10446 20284 30730
24976 3881 28857
14418 18411 32829
21778 8766 30544
9090 20808 29898
12146 10736 22882
22835 5669 28504
19028 19240 38268
5432 9044 14476
32329 16125 48454
9176 27988 37164
8681 9596 18277
31103 22833 53936
32546 30121 62667
29363 19621 48984
13007 11969 24976
20554 2435 22989
10892 11970 22862
17370 22613 39983
13513 21037 34550
8306 17988 26294
22302 16651 38953
903 31289 32192
24286 3374 27660
2609 25922 28531
24559 1465 26024
26264 21047 47311
5593 25571 31164
27048 6301 33349
23324 13559 36883
21773 30410 52183
10951 9631 20582
2395 22346 24741
24646 4707 29353
25740 1410 27150
10620 365 10985
25776 5523 31299
24338 27023 51361
25312 898 26210
14094 27271 41365
31348 19861 51209
1447 23169 24616
28790 3584 32374
87 19677 19764
12118 22464 34582
14131 30259 44390
10974 23240 34214
14456 4500 18956
16489 4955 21444
4710 11027 15737
26448 2233 28681
10065 29572 39637
17830 24317 42147
2037 388 2425
32037 16454 48491
18442 9146 27588
17511 24853 42364
280 10332 10612
8282 9206 17488
30605 15860 46465
20974 8291 29265
5645 20836 26481
19472 4325 23797
13065 3367 16432
17884 27772 45656
21651 24027 45678
15630 12097 27727
26224 8188 34412
31930 5706 37636
5743 23283 29026
31806 21198 53004
19194 11599 30793
10868 30857 41725
26603 20050 46653
31020 11106 42126
21921 18607 40528
15577 20556 36133
32338 21138 53476
13450 17770 31220
13730 26337 40067
19996 25974 45970
15989 961 16950
31406 23139 54545
25346 12893 38239
10070 833 10903
21290 15331 36621
11794 29026 40820
15623 12238 27861
21250 16571 37821
21447 8043 29490
8660 20364 29024
14523 12950 27473
16255 6468 22723
31403 31173 62576
1076 14495 15571
8045 8521 16566
29073 21777 50850
27573 27088 54661
22809 32615 55424
23855 2605 26460
18145 16812 34957
2763 24156 26919
1163 26185 27348
24409 1984 26393
18552 14961 33513
25173 25264 50437
25914 20412 46326
772 30002 30774
3400 274 3674
6592 15110 21702
32502 16075 48577
5007 29415 34422
11428 26132 37560
31739 20749 52488
13621 10133 23754
22814 15094 37908
16579 16721 33300
3581 28774 32355
5520 4045 9565
14103 17837 31940
31040 14964 46004
13629 21288 34917
12870 32570 45440
23203 15882 39085
15773 24960 40733
28216 32348 60564
3256 16439 19695
31027 17987 49014
24507 5961 30468
4846 28290 33136
4075 28724 32799
7928 3135 11063
24163 17912 42075
12646 5130 17776
6922 24628 31550
3433 11803 15236
14273 27020 41293
29222 8155 37377
7137 17741 24878
10689 28327 39016
19428 26708 46136
3771 8144 11915
14690 14636 29326
31615 14822 46437
20288 15222 35510
22583 27446 50029
3620 2702 6322
15076 31121 46197
19755 26475 46230
19886 24399 44285
29407 24007 53414
28536 14740 43276
14947 17536 32483
17080 27602 44682
22769 7487 30256
7814 7311 15125
6023 5975 11998
5619 28521 34140
13532 14832 28364
2459 8279 10738
9113 31076 40189
30590 25649 56239
30918 15337 46255
32011 12915 44926
7810 4465 12275
16254 23614 39868
7928 8910 16838
11884 5279 17163
7054 7194 14248
21660 19988 41648
17503 5718 23221
11033 4428 15461
25580 17489 43069
8837 12591 21428
21262 26315 47577
22192 30 22222
26928 19419 46347
8298 27260 35558
15546 23950 39496
31125 6765 37890
18384 977 19361
26494 2269 28763
17725 23953 41678
24429 8133 32562
22954 5408 28362
22906 20905 43811
23828 21467 45295
1443 19046 20489
22653 6410 29063
22300 7466 29766
3041 30727 33768
23014 5060 28074
4203 419 4622
1699 798 2497
27369 23749 51118
2217 18695 20912
8830 21076 29906
10837 22326 33163
12182 20567 32749
23457 28556 52013
22303 10331 32634
1785 30106 31891
17911 3349 21260
10315 31075 41390
160 4937 5097
23134 24419 47553
31547 14827 46374
20068 18896 38964
28084 15747 43831
25042 10015 35057
14394 15062 29456
18031 2506 20537
27634 25794 53428
28843 11601 40444
19436 20842 40278
16435 19583 36018
23126 8851 31977
5826 11502 17328
17903 3406 21309
20794 973 21767
19391 1240 20631
22259 6113 28372
24838 3262 28100
13139 17610 30749
14706 30276 44982
28063 17288 45351
32148 3336 35484
4880 23613 28493
17813 30435 48248
10026 25908 35934
11301 19216 30517
28233 13091 41324
3509 9360 12869
18045 24237 42282
18406 13260 31666
663 811 1474
3393 4989 8382
31620 23212 54832
8488 25801 34289
19418 23354 42772
4108 30382 34490
27057 14688 41745
14305 31908 46213
4788 29673 34461
13519 6270 19789
15992 19689 35681
1579 15250 16829
2828 21506 24334
32677 8985 41662
22481 26080 48561
23235 29657 52892
651 17670 18321
31886 14593 46479
31417 12237 43654
17291 19028 36319
7970 6057 14027
29164 23945 53109
6577 23983 30560
2056 18162 20218
11650 14420 26070
8969 11613 20582
11069 9848 20917
13284 13624 26908
32675 5027 37702
8847 26360 35207
4198 4494 8692
12654 21691 34345
23358 19173 42531
13582 17195 30777
2873 4939 7812
29717 22950 52667
30803 14495 45298
17273 7581 24854
17734 31101 48835
13041 15674 28715
4003 17672 21675
23977 27974 51951
26146 10215 36361
13114 24137 37251
31030 2702 33732
19673 3315 22988
14821 9407 24228
8910 29114 38024
23255 19024 42279
13865 21445 35310
26541 29998 56539
688 17161 17849
26260 12450 38710
19739 32178 51917
14361 18899 33260
8580 17604 26184
10559 27021 37580
5657 25602 31259
27598 31552 59150
9748 28943 38691
26863 1356 28219
14573 1491 16064
8694 22139 30833
10701 31264 41965
4991 11471 16462
25415 24725 50140
20156 14719 34875
25411 19139 44550
15629 9788 25417
15162 6287 21449
16849 32696 49545
24745 22231 46976
11901 10601 22502
25023 29017 54040
15595 16011 31606
21081 15312 36393
1012 1124 2136
1329 5727 7056
6720 20939 27659
25938 12595 38533
23389 4075 27464
976 13157 14133
783 14405 15188
11701 18717 30418
4839 29684 34523
7742 23805 31547
13847 16437 30284
8520 189 8709
6021 15398 21419
14853 18706 33559
24094 974 25068
8691 8405 17096
17261 15454 32715
13327 22369 35696
30828 13750 44578
6214 28221 34435
19610 17707 37317
17196 27131 44327
19277 15752 35029
7664 10847 18511
17226 10322 27548
27280 3524 30804
27795 9297 37092
14409 25532 39941
8320 3403 11723
31826 29431 61257
22545 20755 43300
8905 5734 14639
25731 5571 31302
11246 13727 24973
5665 5445 11110
10639 7300 17939
17757 21016 38773
12483 30239 42722
29215 2384 31599
5083 28369 33452
27997 1503 29500
30870 16812 47682
16620 14612 31232
7828 13597 21425
18838 15457 34295
27149 19150 46299
14188 8289 22477
1731 9930 11661
26717 11545 38262
14133 29155 43288
20744 30591 51335
9238 15185 24423
26575 28728 55303
16381 7579 23960
17965 20390 38355
4958 10939 15897
29769 802 30571
1209 25469 26678
4811 32646 37457
28945 15912 44857
22254 7407 29661
10400 96 10496
3286 24513 27799
9161 28747 37908
5157 21227 26384
1102 8435 9537
2761 22380 25141
14019 24043 38062
6679 3350 10029
18499 31286 49785
6686 14481 21167
17505 1636 19141
32565 19108 51673
12129 12798 24927
17879 27824 45703
28841 23588 52429
20657 13949 34606
16754 6005 22759
27896 28985 56881
29635 9519 39154
28928 3006 31934
9632 11159 20791
10507 9236 19743
13439 11164 24603
1631 18999 20630
1275 31159 32434
17563 24602 42165
29388 15893 45281
31050 15083 46133
31991 16376 48367
16825 27033 43858
578 91 669
774 17556 18330
8683 26581 35264
28794 10964 39758
5273 3007 8280
19480 4124 23604
4499 20121 24620
5494 16512 22006
5168 24490 29658
6860 32037 38897
5519 24039 29558
8267 22088 30355
3719 8726 12445
4528 26241 30769
21985 29747 51732
29208 21321 50529
11973 12307 24280
32278 14011 46289
7027 7495 14522
13315 22167 35482
18484 32323 50807
13973 19596 33569
8847 6848 15695
15795 951 16746
28863 18782 47645
2440 12135 14575
32101 15502 47603
3031 7971 11002
11131 5807 16938
15246 5102 20348
1673 2423 4096
18077 31433 49510
8987 1173 10160
5640 12410 18050
25458 14228 39686
22587 12940 35527
29818 27395 57213
1439 24983 26422
5884 29907 35791
4970 14529 19499
2325 19456 21781
18619 7813 26432
9191 32628 41819
27110 12979 40089
398 5160 5558
11788 15800 27588
16213 3724 19937
13040 9504 22544
12330 11049 23379
25349 2393 27742
4944 2692 7636
460 28858 29318
9044 21574 30618
21084 9155 30239
4418 5531 9949
3138 7847 10985
16408 24280 40688
4748 15367 20115
21627 25696 47323
8481 32001 40482
27817 9928 37745
25684 4713 30397
5295 26169 31464
11960 2902 14862
19164 25878 45042
16693 19681 36374
10357 15839 26196
22875 14121 36996
682 20566 21248
31223 7067 38290
6089 2528 8617
8676 26736 35412
7346 3373 10719
25892 11638 37530
16011 32027 48038
7215 24084 31299
27829 28376 56205
7563 29832 37395
32510 18247 50757
13725 23156 36881
3096 1958 5054
20671 15001 35672
1098 19821 20919
2963 8162 11125
25701 2425 28126
7574 1444 9018
5370 12905 18275
20984 15652 36636
18890 30281 49171
683 19546 20229
30078 12142 42220
18874 10740 29614
9624 8352 17976
23772 31390 55162
23210 15487 38697
18249 13185 31434
12485 31775 44260
30156 17929 48085
27701 2294 29995
18713 14572 33285
15979 15864 31843
8802 21096 29898
22331 17408 39739
7717 14284 22001
5704 19826 25530
29000 9785 38785
28860 13598 42458
7271 10410 17681
24380 1128 25508
26989 28466 55455
26651 9382 36033
26465 11141 37606
6605 16330 22935
22659 5818 28477
2463 5185 7648
18072 1103 19175
10918 16411 27329
12674 9838 22512
4341 18283 22624
3091 26478 29569
29971 23025 52996
31523 31901 63424
2989 7158 10147
2784 5693 8477
1415 30328 31743
20070 20684 40754
19384 12935 32319
7568 19337 26905
19479 25583 45062
25869 2099 27968
27121 26391 53512
15542 30740 46282
26365 30249 56614
14366 23102 37468
22673 6515 29188
9579 20245 29824
32021 30478 62499
11877 17677 29554
1465 17853 19318
4045 8885 12930
10339 26391 36730
23280 20981 44261
3563 27881 31444
30076 4243 34319
28811 3542 32353
19345 10748 30093
32401 19776 52177
26651 32322 58973
21847 23148 44995
26464 31329 57793
10357 27360 37717
30677 26054 56731
26933 5136 32069
23862 10514 34376
584 26682 27266
10709 29211 39920
31671 23183 54854
8755 22835 31590
6940 11923 18863
32461 27566 60027
21521 30406 51927
56 16286 16342
7401 26244 33645
2416 29921 32337
31646 31530 63176
13422 18270 31692
24331 16506 40837
5368 5771 11139
6235 13377 19612
7613 1587 9200
2242 3382 5624
23457 7286 30743
22379 26918 49297
31574 273 31847
17329 9806 27135
19756 16863 36619
26513 27657 54170
15146 16544 31690
32351 9899 42250
25949 11770 37719
953 31404 32357
22640 13757 36397
16058 29449 45507
4733 16491 21224
3439 28391 31830
18979 28152 47131
1167 4729 5896
11225 11726 22951
14182 16165 30347
385 6164 6549
15379 22242 37621
30785 27696 58481
16371 20197 36568
30862 22666 53528
16477 21884 38361
17545 28563 46108
15248 3898 19146
20623 28167 48790
28137 12116 40253
2571 13935 16506
28506 28491 56997
143 9705 9848
17687 10699 28386
9508 9771 19279
15250 7380 22630
5086 8390 13476
7338 5911 13249
7091 14248 21339
5663 5283 10946
30860 26341 57201
25674 3776 29450
29597 29623 59220
5387 795 6182
24050 19651 43701
30466 30244 60710
6475 16285 22760
2306 29877 32183
9002 10127 19129
32194 22772 54966
22058 31126 53184
10198 22138 32336
21906 20910 42816
25054 4533 29587
22314 25935 48249
18174 18058 36232
16206 32568 48774
20366 16959 37325
17216 26731 43947
9746 13465 23211
1475 25209 26684
18540 7233 25773
25061 5887 30948
18768 21100 39868
22556 8305 30861
17913 31163 49076
20884 4118 25002
25626 21600 47226
11720 5460 17180
27672 17795 45467
20048 10798 30846
21366 484 21850
5369 26891 32260
19345 13249 32594
2075 28601 30676
10381 5626 16007
4391 29617 34008
13455 19059 32514
2432 27549 29981
17196 28602 45798
2444 29207 31651
6434 14826 21260
11786 17844 29630
31814 4815 36629
18342 2625 20967
32702 1354 34056
10442 12108 22550
24688 30711 55399
1464 8167 9631
1466 31502 32968
6870 8104 14974
31332 11655 42987
3400 30964 34364
29139 32130 61269
14788 24701 39489
11647 18405 30052
26018 12810 38828
22183 6983 29166
1587 27255 28842
8259 8717 16976
4692 764 5456
17722 30674 48396
4675 4530 9205
14037 28173 42210
25009 21330 46339
3955 1005 4960
22552 576 23128
7551 5512 13063
19278 7881 27159
6816 1589 8405
8283 3241 11524
25391 27190 52581
24200 10705 34905
16878 29595 46473
30904 16999 47903
9207 9826 19033
16635 1549 18184
18674 6115 24789
14945 25190 40135
17291 15724 33015
15628 26326 41954
24100 3624 27724
8329 5514 13843
14278 31813 46091
24673 17849 42522
11614 2389 14003
28394 31529 59923
25382 31221 56603
10851 22260 33111
609 27821 28430
10304 1420 11724
32587 22552 55139
19139 19965 39104
31568 13381 44949
21708 9842 31550
6012 21340 27352
28658 29179 57837
19251 11653 30904
22738 19341 42079
4898 9221 14119
9639 587 10226
3189 32682 35871
23324 11011 34335
20554 11882 32436
17246 27388 44634
9062 1095 10157
15220 24559 39779
20007 886 20893
27347 18771 46118
12474 28607 41081
6445 22237 28682
26510 12583 39093
5771 16456 22227
5129 18893 24022
27035 2642 29677
7545 25362 32907
14411 7431 21842
32333 13820 46153
7830 3905 11735
29061 21213 50274
26526 19312 45838
5223 3119 8342
23804 29079 52883
20596 2243 22839
8276 6807 15083
8602 16667 25269
17196 24752 41948
3243 27668 30911
4350 20805 25155
23054 7879 30933
16267 11231 27498
26805 9138 35943
31091 4725 35816
11598 19731 31329
30467 3819 34286
12734 18069 30803
6478 4568 11046
10443 10798 21241
15231 20108 35339
27160 23624 50784
11885 6226 18111
27223 29471 56694
4720 9458 14178
954 11626 12580
884 22650 23534
8874 15421 24295
19275 32318 51593
10940 25646 36586
3656 4894 8550
10209 14775 24984
9737 1287 11024
8157 31963 40120
7828 3005 10833
6138 22540 28678
2470 32471 34941
8957 1613 10570
7239 19723 26962
2905 9364 12269
19106 30891 49997
28067 12914 40981
22036 15728 37764
22342 1525 23867
387 17271 17658
15736 14030 29766
24561 905 25466
24684 17583 42267
29008 16543 45551
28361 31991 60352
408 15013 15421
32092 25489 57581
32280 32383 64663
9993 8985 18978
13577 30538 44115
26888 18497 45385
13161 9444 22605
3918 19572 23490
13575 7086 20661
17736 13241 30977
23258 12688 35946
7887 16857 24744
7062 31806 38868
11609 2756 14365
8833 1210 10043
30060 25137 55197
4227 21531 25758
22617 28293 50910
21373 15756 37129
17958 25334 43292
2012 2455 4467
19404 9456 28860
6254 26276 32530
20899 24759 45658
4212 17084 21296
7706 20815 28521
21496 29331 50827
28843 16281 45124
12897 18886 31783
18702 31934 50636
1860 2145 4005
11949 23504 35453
23933 16804 40737
3161 28335 31496
18559 8199 26758
29755 2602 32357
26600 10875 37475
24589 21863 46452
18777 28403 47180
16778 26757 43535
7300 13859 21159
30498 15999 46497
28038 9351 37389
30963 32340 63303
22904 27816 50720
20981 24421 45402
28992 30363 59355
14708 11550 26258
16045 8394 24439
24772 11736 36508
8132 32247 40379
18736 28926 47662
27732 13437 41169
13875 18543 32418
6609 25305 31914
4075 28964 33039
20830 11626 32456
18890 12051 30941
11308 22901 34209
8591 24659 33250
2563 6508 9071
19060 19328 38388
13854 28272 42126
22697 11617 34314
20028 17172 37200
258 18888 19146
8180 9060 17240
237 954 1191
28745 13862 42607
17062 16592 33654
24958 23391 48349
4526 7133 11659
27436 5145 32581
29561 10961 40522
6289 5988 12277
30822 23518 54340
299 14491 14790
6389 11737 18126
12165 744 12909
29493 18402 47895
27218 11786 39004
31867 13383 45250
5048 20566 25614
31577 17062 48639
4846 29180 34026
24014 21842 45856
31753 25996 57749
16315 7672 23987
27155 2489 29644
13718 3459 17177
16222 22620 38842
12130 31548 43678
16407 26300 42707
2015 18230 20245
15134 15116 30250
5118 31721 36839
13589 6965 20554
18071 13085 31156
18872 14550 33422
15454 16906 32360
14188 24201 38389
17428 28861 46289
18714 617 19331
14074 16573 30647
4669 25041 29710
13707 1775 15482
12602 2662 15264
7274 23735 31009
3057 29783 32840
17818 11360 29178
14993 4579 19572
27117 23742 50859
5296 30748 36044
14015 24593 38608
5275 1259 6534
27619 10797 38416
1258 9813 11071
5598 20952 26550
11352 9980 21332
14419 24948 39367
27602 9193 36795
31935 6878 38813
718 3976 4694
14695 12949 27644
28126 26100 54226
25742 17951 43693
4997 30325 35322
18410 4520 22930
13129 26184 39313
2137 10477 12614
19209 20638 39847
21969 14168 36137
26257 10214 36471
22421 2924 25345
3436 15439 18875
10415 29028 39443
17145 2953 20098
30874 8471 39345
19650 15820 35470
9279 17183 26462
13064 29724 42788
23331 20794 44125
12195 19403 31598
9438 22000 31438
32521 15167 47688
23247 20343 43590
18348 11254 29602
27150 14803 41953
2953 30150 33103
29090 1089 30179
22525 8042 30567
4340 30166 34506
10203 2106 12309
31364 17764 49128
11197 24378 35575
7899 26781 34680
27799 2902 30701
961 24187 25148
31890 26860 58750
7087 30943 38030
10775 139 10914
12679 27000 39679
26921 6907 33828
15491 5606 21097
26361 22141 48502
12395 30495 42890
31668 8531 40199
7692 2066 9758
28320 15747 44067
14309 1931 16240
16487 12761 29248
3875 4439 8314
28595 19499 48094
7376 21160 28536
27642 6368 34010
27463 23995 51458
10908 29619 40527
29675 24759 54434
4651 5557 10208
1304 17369 18673
12297 17553 29850
17498 29390 46888
27705 1812 29517
8413 21856 30269
12143 749 12892
18981 15189 34170
12137 26545 38682
32511 16276 48787
21890 2850 24740
18616 26250 44866
29573 6832 36405
30348 31692 62040
15039 1600 16639
28001 29438 57439
10584 2093 12677
8118 20467 28585
25059 28300 53359
16854 23061 39915
8499 2485 10984
3665 7944 11609
18032 25599 43631
11948 2186 14134
8555 9930 18485
7256 2462 9718
31535 20675 52210
3553 9961 13514
3289 8547 11836
17512 24156 41668
22697 23993 46690
19795 12819 32614
6488 21098 27586
3139 23165 26304
15276 14070 29346
8518 25534 34052
5707 22076 27783
32591 14929 47520
21453 8257 29710
18147 27378 45525
17172 2349 19521
14612 6587 21199
480 22934 23414
22195 29837 52032
13726 21505 35231
32706 9393 42099
18049 21414 39463
10024 959 10983
20692 18548 39240
28328 6079 34407
16527 13397 29924
16148 6799 22947
19240 3507 22747
12478 4229 16707
15275 11067 26342
22576 12884 35460
17677 7393 25070
19229 11828 31057
20158 5668 25826
29079 1085 30164
28541 19859 48400
30593 532 31125
2672 30096 32768
29256 8650 37906
17012 12884 29896
3790 20481 24271
14258 12595 26853
23463 23889 47352
17267 17697 34964
904 7914 8818
9781 11382 21163
3068 634 3702
23549 25582 49131
27737 6481 34218
2800 10996 13796
4339 24259 28598
16413 7456 23869
7823 15821 23644
28318 1278 29596
2587 6652 9239
25823 19473 45296
22684 24459 47143
11325 11287 22612
7015 24267 31282
1747 1423 3170
31892 30408 62300
32656 32633 65289
28592 21290 49882
16525 21597 38122
23218 16729 39947
9118 28814 37932
19248 24805 44053
12584 17840 30424
3027 13092 16119
306 30584 30890
11785 19997 31782
12990 17843 30833
23545 13988 37533
27993 22410 50403
1724 9671 11395
8433 19460 27893
17610 15721 33331
30695 13260 43955
29874 28717 58591
12133 22581 34714
30735 8342 39077
18930 29563 48493
6839 15212 22051
20547 15948 36495
31285 20833 52118
5204 30342 35546
378 29684 30062
10936 17219 28155
19663 22934 42597
3630 6675 10305
2574 3339 5913
8564 2440 11004
10514 11284 21798
864 3320 4184
28780 31051 59831
26924 19838 46762
19031 17742 36773
29458 29762 59220
24047 29471 53518
12056 29178 41234
18589 7115 25704
15918 24497 40415
3030 5450 8480
20342 23751 44093
773 24743 25516
26083 3642 29725
30149 17249 47398
7173 8995 16168
6740 4112 10852
23075 644 23719
7236 25163 32399
12939 1600 14539
31604 20938 52542
22566 26475 49041
22335 24776 47111
25423 16324 41747
31219 10667 41886
22757 17536 40293
14469 4071 18540
10143 7754 17897
31363 30752 62115
4000 647 4647
32329 19343 51672
10316 29150 39466
11640 19110 30750
30809 16376 47185
5540 29431 34971
21545 18564 40109
22861 31826 54687
30295 30079 60374
11537 12589 24126
1680 31410 33090
13599 9801 23400
676 27260 27936
22255 5523 27778
15836 2001 17837
21297 24649 45946
27279 31107 58386
15363 31837 47200
25072 17088 42160
7014 20766 27780
7722 9437 17159
24051 18197 42248
6831 20049 26880
21962 3885 25847
3788 31493 35281
27084 25880 52964
13954 27083 41037
17674 20717 38391
7569 19243 26812
6780 11286 18066
8405 3430 11835
20727 28009 48736
6613 10677 17290
11097 149 11246
26778 22226 49004
16647 11456 28103
20413 17593 38006
23193 20078 43271
22212 17840 40052
1747 26789 28536
9903 2181 12084
31703 20815 52518
5325 18455 23780
6298 31967 38265
20436 5143 25579
6805 11575 18380
25393 5904 31297
23485 1993 25478
1181 32165 33346
11444 22269 33713
24561 25371 49932
8001 31443 39444
21819 26391 48210
21758 19658 41416
23825 20648 44473
9808 31488 41296
1829 25223 27052
13724 7834 21558
18202 17566 35768
17080 4454 21534
918 9928 10846
21152 18111 39263
7065 216 7281
32619 11186 43805
22029 5084 27113
1149 21087 22236
28574 4259 32833
23293 27809 51102
15051 1916 16967
31370 23025 54395
1597 1345 2942
4649 19591 24240
15704 404 16108
19842 18883 38725
30481 617 31098
31309 2508 33817
26367 6341 32708
8711 31351 40062
25780 6852 32632
27625 26986 54611
32077 16097 48174
23322 6529 29851
17224 31858 49082
15652 18288 33940
20630 21874 42504
23717 25002 48719
12017 28035 40052
19527 30594 50121
6768 4659 11427
24049 9104 33153
21081 6271 27352
6719 30039 36758
27702 13206 40908
19504 7716 27220
23851 10463 34314
29983 25913 55896
11654 1340 12994
15605 10027 25632
2712 14225 16937
12956 25737 38693
10948 13440 24388
28855 9150 38005
14293 1911 16204
31376 10809 42185
13204 29933 43137
25937 20683 46620
2715 4584 7299
8568 30544 39112
18788 29891 48679
30853 23441 54294
10149 25390 35539
4853 22377 27230
24032 8566 32598
6772 18983 25755
31029 18183 49212
19535 12596 32131
8572 15407 23979
4136 13302 17438
1424 17700 19124
26349 9971 36320
25069 15945 41014
17931 19002 36933
21886 28077 49963
13022 18175 31197
30896 3540 34436
12908 12421 25329
27339 30139 57478
24916 3137 28053
18818 534 19352
18433 9532 27965
18121 9180 27301
16163 11961 28124
20710 14341 35051
30816 31256 62072
203 3219 3422
32582 17402 49984
17059 14031 31090
18053 23718 41771
27819 7893 35712
5467 12203 17670
14403 25682 40085
26959 28359 55318
20805 141 20946
8226 25608 33834
28565 18852 47417
32259 12081 44340
12025 15128 27153
25602 29279 54881
6443 10124 16567
19143 12780 31923
5677 14282 19959
21892 27540 49432
14045 23303 37348
4392 10454 14846
3529 3176 6705
13270 4253 17523
2628 4549 7177
28821 15392 44213
2490 6060 8550
13129 21255 34384
4928 20137 25065
22754 13007 35761
29039 28100 57139
14291 9583 23874
7795 15948 23743
3269 27452 30721
13919 5331 19250
8077 7178 15255
25539 23418 48957
13404 9108 22512
31361 4463 35824
7478 23838 31316
13532 25523 39055
32678 4696 37374
18130 17185 35315
8879 24966 33845
15276 7084 22360
22789 20190 42979
20947 4328 25275
23422 1329 24751
18661 25548 44209
10179 2510 12689
22024 26038 48062
14155 26532 40687
12927 7343 20270
8842 5542 14384
30843 31984 62827
1125 7284 8409
16947 23462 40409
12778 16183 28961
16182 32499 48681
6718 11212 17930
13312 28469 41781
25302 30246 55548
6092 28042 34134
5098 25325 30423
17578 13204 30782
26919 17771 44690
28113 24697 52810
6821 29865 36686
20534 14126 34660
12824 7125 19949
20830 4598 25428
16458 27111 43569
112 12069 12181
1737 25733 27470
11662 15146 26808
27100 25123 52223
2917 15308 18225
16060 28526 44586
3843 16564 20407
18945 9195 28140
489 32044 32533
603 10715 11318
31330 12070 43400
27522 32099 59621
11795 30592 42387
7536 9961 17497
21202 1926 23128
19405 29889 49294
444 18361 18805
25003 30729 55732
20609 23503 44112
1395 18641 20036
5379 10234 15613
6431 21888 28319
1824 15213 17037
2730 16754 19484
13515 17437 30952
2245 5862 8107
31842 28612 60454
28620 20504 49124
315 24108 24423
760 31658 32418
20097 2218 22315
17878 72 17950
7230 17128 24358
2552 17292 19844
27320 14568 41888
1258 14367 15625
26625 3654 30279
615 5922 6537
21450 702 22152
1741 18636 20377
21880 16365 38245
30159 16468 46627
30842 13404 44246
4458 20241 24699
17113 8122 25235
25882 13024 38906
6672 13417 20089
29005 25542 54547
27167 29245 56412
11032 25814 36846
17115 7808 24923
9257 7253 16510
24456 32057 56513
28413 30493 58906
19625 12205 31830
4947 23359 28306
8215 23591 31806
9952 11756 21708
30545 757 31302
24132 28822 52954
12307 9395 21702
10813 14674 25487
3882 7628 11510
13594 2689 16283
18822 23357 42179
21619 19887 41506
9105 19612 28717
17176 30139 47315
6847 14169 21016
14151 3128 17279
19814 20293 40107
10530 11796 22326
5329 14416 19745
23903 15223 39126
1424 21911 23335
2114 16110 18224
18961 2462 21423
7368 20425 27793
2933 19417 22350
7206 29634 36840
23708 14194 37902
31089 17375 48464
23426 30534 53960
26015 22681 48696
31951 13105 45056
6062 16701 22763
13737 25227 38964
25891 2707 28598
30669 10226 40895
16054 6334 22388
13278 6730 20008
25932 22627 48559
22012 7939 29951
27429 2829 30258
28825 14746 43571
21847 13008 34855
2440 29795 32235
29051 24877 53928
15703 18053 33756
13222 27958 41180
11487 6982 18469
12443 21746 34189
26905 24201 51106
2110 19971 22081
20788 12948 33736
21580 18822 40402
5860 13079 18939
28490 28475 56965
23804 26986 50790
10171 21478 31649
9279 22039 31318
13206 28405 41611
31347 13208 44555
30711 4962 35673
8120 22114 30234
30997 28635 59632
5656 20002 25658
1652 23073 24725
20319 11334 31653
30556 27054 57610
27949 5055 33004
2953 9626 12579
18249 30213 48462
17444 18879 36323
11320 8540 19860
18674 26396 45070
4111 1111 5222
11724 25463 37187
7557 19098 26655
11343 7238 18581
23884 14051 37935
9684 12496 22180
26530 24140 50670
418 14224 14642
21539 10442 31981
15203 25306 40509
23521 15098 38619
13781 22721 36502
25014 11549 36563
9666 16951 26617
21721 13152 34873
10546 21878 32424
8624 7010 15634
24287 24479 48766
9445 17136 26581
4585 4513 9098
21692 27667 49359
19915 5213 25128
5284 4684 9968
28302 10248 38550
26380 9502 35882
317 21200 21517
29047 19405 48452
2200 25282 27482
1747 5734 7481
31244 18155 49399
11270 16383 27653
1763 957 2720
19147 26176 45323
1465 18101 19566
1724 23074 24798
4143 23867 28010
26799 28151 54950
10467 4810 15277
21574 25771 47345
32159 14928 47087
31682 26185 57867
6608 26328 32936
17944 7616 25560
7482 5990 13472
23367 25576 48943
19179 23074 42253
19176 7104 26280
1133 10937 12070
263 9210 9473
1344 4097 5441
32049 441 32490
29319 15580 44899
32718 10393 43111
4866 14430 19296
8626 1008 9634
17212 20786 37998
2542 9555 12097
31238 24633 55871
13804 15452 29256
28963 7797 36760
1979 15275 17254
17989 4646 22635
3751 20267 24018
10297 22322 32619
15885 1942 17827
25694 18122 43816
1645 24380 26025
26715 16971 43686
1217 31744 32961
3089 9570 12659
15373 21155 36528
14287 9076 23363
3384 3909 7293
15045 5181 20226
24858 26408 51266
26044 29623 55667
14550 14264 28814
15876 6461 22337
6250 5832 12082
23725 27120 50845
32644 14367 47011
19962 2650 22612
25752 19507 45259
1298 21329 22627
26159 15412 41571
14329 3614 17943
9858 26444 36302
14271 15327 29598
1351 17702 19053
6391 27690 34081
11211 4525 15736
16491 26355 42846
8001 26134 34135
10254 11696 21950
19801 25376 45177
28722 6074 34796
18197 20634 38831
4347 3575 7922
7641 22054 29695
16404 10678 27082
5825 12606 18431
24224 15066 39290
10294 3188 13482
884 31035 31919
30148 23550 53698
30083 25929 56012
15910 25457 41367
10905 7155 18060
28579 18637 47216
7757 8647 16404
22174 22714 44888
5425 26970 32395
6760 24593 31353
8267 6378 14645
31832 16030 47862
29897 21314 51211
3358 5925 9283
27632 2014 29646
19540 16546 36086
16214 3664 19878
26198 23765 49963
21841 4322 26163
1108 14334 15442
12719 2685 15404
25253 21990 47243
24231 23497 47728
8542 20510 29052
25104 15254 40358
804 27019 27823
4817 1659 6476
3646 31523 35169
25241 12732 37973
17390 7665 25055
28624 25969 54593
25090 13919 39009
29645 485 30130
25254 17588 42842
24905 5181 30086
11900 7900 19800
18195 32346 50541
13551 30568 44119
19206 22016 41222
24260 21973 46233
20793 16183 36976
3825 25617 29442
9077 17905 26982
9651 13627 23278
11500 31470 42970
14811 27050 41861
7719 22493 30212
31848 21554 53402
3393 11972 15365
31323 1186 32509
26195 10401 36596
12487 23441 35928
16431 5970 22401
10024 2907 12931
26961 7858 34819
1013 10854 11867
16658 30981 47639
20345 15018 35363
12575 23190 35765
22750 19056 41806
23338 14494 37832
29067 4697 33764
20191 30568 50759
29360 13475 42835
23578 17331 40909
16670 424 17094
21847 7000 28847
17245 26023 43268
22122 18732 40854
32248 25543 57791
25456 22568 48024
18972 16985 35957
29701 16839 46540
23137 19550 42687
16055 23472 39527
488 19529 20017
22715 18581 41296
29094 9222 38316
32223 28763 60986
24575 9786 34361
5312 17275 22587
20119 5325 25444
17213 19880 37093
25189 26790 51979
10027 23474 33501
521 18101 18622
1866 14506 16372
11871 17975 29846
4216 17991 22207
18772 27701 46473
29477 29832 59309
16120 78 16198
29959 23707 53666
17621 7863 25484
19215 766 19981
9088 11136 20224
20379 1252 21631
15981 2841 18822
26861 13530 40391
19975 17428 37403
13276 27306 40582
0 28204 28204
18121 2687 20808
29158 4743 33901
8405 1867 10272
14840 24888 39728
6481 25702 32183
29239 24584 53823
25463 31352 56815
31168 30326 61494
31319 920 32239
24664 31484 56148
2323 12981 15304
12361 9620 21981
9039 23093 32132
2669 2939 5608
25060 26077 51137
18568 2101 20669
14292 11249 25541
6618 14289 20907
4995 22940 27935
19957 26222 46179
8228 32401 40629
16845 6398 23243
15217 31731 46948
8974 4938 13912
29599 23155 52754
32178 32567 64745
8593 19384 27977
18386 6471 24857
29516 23299 52815
24508 1634 26142
31403 4371 35774
12359 14039 26398
5203 3910 9113
28515 31390 59905
15082 26114 41196
10996 10976 21972
6788 10835 17623
6113 3256 9369
30814 3797 34611
22375 20796 43171
17103 981 18084
9908 22199 32107
23931 8883 32814
11441 3897 15338
32202 26762 58964
23071 12370 35441
11161 1043 12204
4069 4122 8191
14895 15047 29942
32680 21364 54044
19826 10564 30390
31389 20884 52273
16218 25330 41548
8859 20671 29530
31143 13542 44685
12661 82 12743
6095 4103 10198
19078 21510 40588
25915 24175 50090
2701 9330 12031
2994 18452 21446
18876 14546 33422
1558 10919 12477
17419 7686 25105
11086 18620 29706
7122 28382 35504
25987 29740 55727
27287 29076 56363
27023 14263 41286
21540 11930 33470
690 17390 18080
20445 25750 46195
18055 9041 27096
7249 32172 39421
17719 31156 48875
4367 27131 31498
2541 21223 23764
17083 874 17957
32650 17557 50207
11617 24228 35845
3481 26477 29958
22792 11617 34409
389 27520 27909
11403 5608 17011
6153 19434 25587
25252 9169 34421
15081 26037 41118
21834 13840 35674
18144 30202 48346
4925 3631 8556
28121 17225 45346
29663 25819 55482
2402 30283 32685
7493 10146 17639
29021 26022 55043
12430 17403 29833
11000 22817 33817
4211 9095 13306
992 2057 3049
30240 15766 46006
28082 22227 50309
18498 25069 43567
11699 6146 17845
26722 8391 35113
13504 21580 35084
27249 29721 56970
13192 24056 37248
27300 3610 30910
16120 13194 29314
30082 28931 59013
6391 30114 36505
13883 13331 27214
29012 29730 58742
24379 6615 30994
13052 5775 18827
255 23464 23719
12657 9146 21803
17191 20085 37276
19063 11423 30486
13261 17603 30864
20497 7821 28318
8470 20977 29447
20139 16519 36658
12550 21185 33735
921 8171 9092
11161 24340 35501
6080 12369 18449
11023 2293 13316
29331 8886 38217
9863 3289 13152
14658 14298 28956
2767 22309 25076
20013 4582 24595
21883 753 22636
25759 18770 44529
26164 13836 40000
31929 18694 50623
31315 32320 63635
23468 13759 37227
1711 5079 6790
21548 25781 47329
25522 9565 35087
29473 9595 39068
32691 4264 36955
25759 25382 51141
2943 11542 14485
9496 24753 34249
21817 2838 24655
21200 5280 26480
17765 19690 37455
13202 26596 39798
12863 31915 44778
17058 23551 40609
32081 909 32990
23282 23656 46938
12100 9828 21928
20888 16177 37065
1527 11111 12638
5248 14567 19815
10446 3380 13826
8542 18362 26904
30541 24341 54882
26855 23005 49860
9701 18050 27751
29249 13104 42353
7437 11751 19188
21176 22045 43221
20117 5287 25404
19890 29631 49521
30007 8288 38295
12517 10058 22575
29296 21361 50657
16583 167 16750
16014 3257 19271
18758 8798 27556
7945 13474 21419
9914 30393 40307
5910 15198 21108
23320 16423 39743
18042 19569 37611
872 2270 3142
10908 23408 34316
16761 13764 30525
30175 28168 58343
28115 16528 44643
28974 18241 47215
9709 23852 33561
7129 22532 29661
2720 3678 6398
32159 6364 38523
17116 28072 45188
24332 12537 36869
5786 10861 16647
23557 3706 27263
13841 1108 14949
1185 21484 22669
301 17650 17951
58 16141 16199
25405 31907 57312
26308 27862 54170
5868 1720 7588
17502 7865 25367
26226 6360 32586
31527 25896 57423
15371 24992 40363
30547 21334 51881
5800 31373 37173
27006 8257 35263
14053 12572 26625
31551 22768 54319
6204 27439 33643
12801 2041 14842
2680 10931 13611
29710 30279 59989
32620 29824 62444
25581 26906 52487
24804 7808 32612
1518 335 1853
732 18708 19440
25603 8162 33765
1520 1971 3491
9169 29617 38786
15892 31957 47849
17159 5251 22410
29061 27919 56980
28143 20296 48439
1024 3455 4479
9283 1955 11238
25137 4458 29595
8257 21157 29414
16750 15140 31890
13313 11996 25309
1957 29744 31701
4359 32140 36499
28563 12457 41020
11797 8508 20305
15671 8672 24343
16194 25972 42166
5767 31815 37582
29776 5062 34838
21601 21646 43247
28987 23051 52038
24516 22539 47055
13582 26095 39677
28480 25695 54175
25338 22960 48298
14507 16983 31490
8617 32290 40907
27414 2064 29478
1232 22007 23239
1279 26207 27486
13572 30269 43841
23241 25967 49208
18894 18472 37366
24937 21676 46613
2561 6162 8723
4449 29152 33601
1611 5568 7179
30194 2972 33166
16907 10727 27634
15501 8922 24423
24162 17646 41808
22668 20448 43116
31629 2806 34435
3871 28264 32135
17522 280 17802
32649 21757 54406
22648 8173 30821
31628 7080 38708
1948 28500 30448
17441 13772 31213
5314 3951 9265
32365 25423 57788
29256 21231 50487
29937 15610 45547
11489 20114 31603
30977 24611 55588
30881 489 31370
30839 32137 62976
5204 32095 37299
7080 20351 27431
30484 10615 41099
32663 15181 47844
31771 4949 36720
24681 8659 33340
213 25216 25429
18457 9071 27528
10553 23526 34079
5485 23329 28814
15962 5665 21627
28457 21741 50198
23353 17144 40497
30594 17281 47875
23518 12841 36359
21461 14616 36077
17063 29030 46093
23705 26526 50231
2015 11677 13692
2451 11285 13736
1938 14716 16654
28232 26935 55167
416 23861 24277
23224 30045 53269
24593 21374 45967
29769 8095 37864
14248 6108 20356
23298 4157 27455
14011 27170 41181
12025 2110 14135
30274 11060 41334
2575 17494 20069
24877 30481 55358
16858 1805 18663
9723 8209 17932
1507 3614 5121
26248 28523 54771
11794 30493 42287
6694 20217 26911
19814 22365 42179
22000 16448 38448
23785 2833 26618
28507 17579 46086
4836 32689 37525
11534 6935 18469
14927 32160 47087
31220 30356 61576
7819 13579 21398
20111 4714 24825
24404 4628 29032
17551 18267 35818
16625 7216 23841
2211 1576 3787
19629 25805 45434
7823 23383 31206
21899 18745 40644
11135 24626 35761
13622 3007 16629
15002 15635 30637
21815 2067 23882
12251 8415 20666
22634 1776 24410
23836 20945 44781
30899 29951 60850
28020 15225 43245
27885 251 28136
6851 7684 14535
27427 25875 53302
24971 17085 42056
6915 24463 31378
9986 22996 32982
3215 7863 11078
1381 25950 27331
1814 9200 11014
12942 21918 34860
17507 25129 42636
13513 14979 28492
27700 7029 34729
23012 11889 34901
25582 16889 42471
9349 24133 33482
18062 24585 42647
9152 21139 30291
6371 19342 25713
26857 24113 50970
3579 10411 13990
4007 22010 26017
28635 32672 61307
3146 30156 33302
114 27118 27232
13407 5843 19250
26320 6844 33164
13697 6922 20619
31892 18041 49933
28274 12798 41072
4003 11715 15718
24170 23254 47424
27680 20359 48039
7854 18320 26174
17048 1642 18690
6757 1421 8178
15996 5480 21476
30887 3920 34807
24789 26555 51344
27864 11139 39003
29491 2047 31538
24884 15674 40558
9958 4755 14713
12202 27004 39206
13425 10050 23475
23790 13824 37614
3900 7715 11615
2506 1332 3838
393 957 1350
3765 4995 8760
17577 8303 25880
30118 23000 53118
26992 3856 30848
17962 31070 49032
9446 9938 19384
22453 5259 27712
21823 15468 37291
7733 14684 22417
21262 32376 53638
9453 16610 26063
25269 28953 54222
11137 18429 29566
23072 19682 42754
6477 9576 16053
20147 17651 37798
15099 245 15344
24448 30821 55269
32341 28698 61039
28606 4841 33447
8279 15277 23556
25974 24747 50721
393 13036 13429
16512 22909 39421
5260 12224 17484
7598 26417 34015
6898 12355 19253
31303 27462 58765
9299 10623 19922
19383 18376 37759
924 30585 31509
16260 28529 44789
11947 3694 15641
14212 16660 30872
15385 20828 36213
22094 12860 34954
29527 12740 42267
12270 3344 15614
8957 31918 40875
29405 17785 47190
12638 30959 43597
7472 10631 18103
7008 15015 22023
4623 28945 33568
21899 20493 42392
9065 28828 37893
17247 11119 28366
25574 29566 55140
14571 28276 42847
21789 324 22113
15003 31397 46400
17928 4688 22616
28498 27435 55933
30132 30663 60795
30904 23514 54418
20029 31402 51431
9686 8559 18245
19450 30274 49724
13280 22294 35574
25845 29122 54967
4433 25904 30337
1182 32040 33222
22333 25938 48271
28608 21860 50468
27875 1937 29812
9395 5052 14447
2435 23805 26240
3028 27759 30787
2159 11115 13274
3122 16536 19658
17251 11896 29147
22666 1878 24544
26393 27082 53475
2166 21034 23200
30233 28825 59058
20961 28832 49793
28111 18030 46141
30398 30514 60912
16863 15659 32522
15097 11625 26722
8637 29772 38409
30382 10053 40435
15480 23916 39396
6298 3551 9849
30422 27147 57569
11471 23373 34844
18342 18062 36404
15275 3526 18801
11858 18055 29913
5386 5638 11024
30644 26167 56811
23483 1268 24751
17706 1362 19068
25905 15491 41396
2541 16129 18670
16763 10198 26961
29342 813 30155
32631 16039 48670
27426 21755 49181
322 22505 22827
14000 21139 35139
29938 4012 33950
20008 27174 47182
17800 17474 35274
30887 24623 55510
6176 28320 34496
21080 2809 23889
10603 23046 33649
13709 26465 40174
8031 32483 40514
14862 27357 42219
9005 1267 10272
16048 14013 30061
22388 12458 34846
12586 4273 16859
32436 16341 48777
2085 17548 19633
26117 31103 57220
9106 21319 30425
26633 29969 56602
1856 4937 6793
7199 23742 30941
9134 9701 18835
1497 12062 13559
8478 26149 34627
22705 17433 40138
24810 13510 38320
9207 6407 15614
10523 17795 28318
31502 10261 41763
11832 20887 32719
28120 20203 48323
28508 21373 49881
25967 2188 28155
6283 12282 18565
14614 32381 46995
24390 28765 53155
3951 13609 17560
3421 29190 32611
24558 22404 46962
11781 12069 23850
10381 26095 36476
4394 1220 5614
11201 19548 30749
6407 6664 13071
19117 9138 28255
1523 19635 21158
20374 8819 29193
13438 18158 31596
15512 156 15668
444 8774 9218
29335 21196 50531
18913 15348 34261
17528 8361 25889
13582 7777 21359
19088 14975 34063
18027 9193 27220
2652 4651 7303
24950 14047 38997
18035 6968 25003
14747 21202 35949
2746 30279 33025
24580 11023 35603
18647 27572 46219
25522 6759 32281
6376 31094 37470
14285 16435 30720
29300 30791 60091
21560 28309 49869
29089 7174 36263
17513 19968 37481
31912 21337 53249
6264 23034 29298
23943 19094 43037
27765 6944 34709
9206 5604 14810
31231 17003 48234
25499 18077 43576
26642 2483 29125
8833 28663 37496
19745 32113 51858
3015 24292 27307
5989 5065 11054
14997 2358 17355
20340 13512 33852
12628 30727 43355
26901 6122 33023
20767 12632 33399
5715 6879 12594
25972 25848 51820
20688 30094 50782
6192 24744 30936
3420 28507 31927
25018 3964 28982
19910 31141 51051
18814 2180 20994
1266 21395 22661
2717 28844 31561
300 6929 7229
28898 13281 42179
20668 28437 49105
505 22901 23406
21691 1831 23522
18139 30661 48800
30245 25632 55877
18829 2841 21670
12591 32306 44897
6922 13259 20181
27354 5160 32514
30078 8108 38186
17608 32751 50359
20148 8867 29015
25422 13398 38820
28370 17047 45417
22988 18450 41438
24388 14991 39379
12601 12805 25406
17910 14616 32526
15618 6848 22466
198 24040 24238
12821 26438 39259
5433 15040 20473
13368 24850 38218
18540 23447 41987
19872 8028 27900
29518 6644 36162
1215 5529 6744
26381 16284 42665
1117 27457 28574
30158 15469 45627
2538 212 2750
29601 29578 59179
3603 17951 21554
17332 25528 42860
23443 17852 41295
17863 12040 29903
2124 2520 4644
14303 17847 32150
1174 15928 17102
24639 14418 39057
13527 13182 26709
5012 29981 34993
18772 10153 28925
27504 29878 57382
18502 30684 49186
16633 6646 23279
32305 8032 40337
16355 18712 35067
18545 10219 28764
9627 31261 40888
28181 28451 56632
197 19054 19251
31473 25950 57423
1257 20932 22189
20719 10668 31387
18025 15941 33966
25510 10007 35517
29367 31728 61095
21038 5929 26967
22724 27450 50174
21298 3503 24801
21948 27385 49333
10054 29117 39171
31216 14722 45938
1403 2034 3437
31252 28942 60194
13873 29181 43054
16554 9059 25613
20525 18272 38797
13246 22704 35950
19436 11124 30560
724 30136 30860
24886 1198 26084
4383 19762 24145
25334 14624 39958
20467 24688 45155
3400 5187 8587
7549 4928 12477
31188 14835 46023
31666 22288 53954
11867 19131 30998
13189 4437 17626
31119 7507 38626
14429 16685 31114
4648 12647 17295
24518 10306 34824
11316 16282 27598
16742 31474 48216
30894 2763 33657
21300 23470 44770
17235 22167 39402
5604 9632 15236
8881 10015 18896
26021 19089 45110
28289 11787 40076
17167 18441 35608
28726 2255 30981
10327 30648 40975
470 13356 13826
16070 16148 32218
3849 22778 26627
2153 25156 27309
11376 22054 33430
21001 32317 53318
14647 11255 25902
349 28203 28552
16110 11413 27523
4991 8210 13201
916 5579 6495
24477 7349 31826
501 30732 31233
29169 18103 47272
15415 3764 19179
4851 5376 10227
7343 28049 35392
20173 19554 39727
22777 10146 32923
4367 31868 36235
2887 21278 24165
10404 17375 27779
30201 3768 33969
18437 8048 26485
9582 27682 37264
21932 18702 40634
25626 25552 51178
8396 26996 35392
13529 13822 27351
20031 8544 28575
18307 23796 42103
4543 11765 16308
7105 29833 36938
1882 11357 13239
17951 15078 33029
16672 16564 33236
2914 3724 6638
23839 9249 33088
17947 3481 21428
14225 24134 38359
19068 14918 33986
3411 11739 15150
15467 18613 34080
8857 25749 34606
3029 31210 34239
16865 14925 31790
2885 10263 13148
10021 23390 33411
21685 26652 48337
11093 13903 24996
28836 25678 54514
17412 19634 37046
29544 21623 51167
11106 2891 13997
1222 14111 15333
17514 28021 45535
1472 12298 13770
3932 28610 32542
18606 12290 30896
17006 5602 22608
3984 18903 22887
23230 1990 25220
17571 22691 40262
14732 2564 17296
8498 23378 31876
8614 21886 30500
13999 10594 24593
10531 4671 15202
3586 25832 29418
29524 31141 60665
20769 19924 40693
18168 25541 43709
13025 23157 36182
21679 17419 39098
2316 14656 16972
16818 22817 39635
19635 8141 27776
19136 5138 24274
29893 2850 32743
4956 31408 36364
24289 21812 46101
30005 2355 32360
14953 17323 32276
25574 22306 47880
10712 29670 40382
14559 887 15446
3669 18495 22164
31651 11262 42913
12680 14992 27672
31285 29694 60979
16812 14326 31138
17868 24091 41959
21477 27092 48569
26574 32123 58697
24788 4123 28911
25340 16936 42276
28521 20681 49202
21738 25781 47519
25081 8368 33449
19379 13605 32984
6545 10617 17162
9194 20744 29938
25481 20712 46193
724 1255 1979
25948 17762 43710
16596 23778 40374
31415 13228 44643
22566 10392 32958
14799 2549 17348
11216 30279 41495
4600 27671 32271
15062 18740 33802
14452 15642 30094
5038 3918 8956
22408 25081 47489
7155 6670 13825
13269 8617 21886
94 7841 7935
15334 18008 33342
24817 329 25146
13830 25587 39417
3445 28673 32118
84 26602 26686
26151 4192 30343
5913 22071 27984
13487 17599 31086
21848 22429 44277
4433 19614 24047
9127 32045 41172
10343 17476 27819
2366 23823 26189
29711 18342 48053
21326 27775 49101
15905 15498 31403
18068 15126 33194
32356 2028 34384
3885 29515 33400
26881 12961 39842
25260 17465 42725
16695 16698 33393
2154 6307 8461
17489 17195 34684
15389 16181 31570
16597 23853 40450
7852 26636 34488
11775 21216 32991
10562 7033 17595
22381 21429 43810
22178 3586 25764
28956 3851 32807
30394 30122 60516
10131 21400 31531
24698 17523 42221
94 15883 15977
30182 27680 57862
7870 15087 22957
11882 3903 15785
16543 24531 41074
7022 17255 24277
1994 24488 26482
6955 18623 25578
25436 7786 33222
11709 23231 34940
11639 10243 21882
8313 32315 40628
20791 3692 24483
896 28829 29725
3304 29461 32765
7572 7282 14854
9334 16263 25597
21035 14120 35155
6180 20808 26988
11714 27669 39383
13185 7422 20607
3188 14524 17712
2201 3288 5489
3787 24140 27927
11112 7722 18834
20694 3178 23872
16788 599 17387
6012 10544 16556
14939 18164 33103
26639 23158 49797
17097 18730 35827
15909 13392 29301
18991 30812 49803
21411 12503 33914
10962 11274 22236
12058 21805 33863
19168 4342 23510
27735 10171 37906
18856 29061 47917
29493 23485 52978
3337 23911 27248
4278 22017 26295
17195 29818 47013
9810 28395 38205
11374 22764 34138
25487 5565 31052
16800 3233 20033
15826 14613 30439
2675 15828 18503
6773 6328 13101
14382 18176 32558
24345 25741 50086
22690 26113 48803
23614 19693 43307
13664 28278 41942
17937 26650 44587
13097 31595 44692
12164 4364 16528
17830 25653 43483
15268 9076 24344
19289 30876 50165
31016 14587 45603
26068 18496 44564
7237 19402 26639
8745 31029 39774
2762 25168 27930
1441 29169 30610
28264 10303 38567
21169 23144 44313
16721 6360 23081
6697 14453 21150
2310 7785 10095
27823 11132 38955
13161 19220 32381
16492 2894 19386
18970 3793 22763
24325 28236 52561
28672 3766 32438
28621 23248 51869
23846 375 24221
29241 10184 39425
19657 13609 33266
15508 20644 36152
4527 8779 13306
21235 16499 37734
17594 12294 29888
10860 22600 33460
16828 3508 20336
11395 13539 24934
26253 17824 44077
3813 30605 34418
18523 27916 46439
21337 5700 27037
21314 5497 26811
1011 30488 31499
2076 25378 27454
32650 23253 55903
19611 27850 47461
27245 23266 50511
405 18615 19020
5970 32361 38331
21406 27391 48797
31887 10936 42823
31196 14594 45790
2445 29416 31861
22295 30264 52559
28793 2748 31541
12560 28205 40765
14396 24779 39175
29204 32713 61917
10926 9186 20112
10448 28117 38565
29446 14244 43690
14951 6331 21282
150 23667 23817
31426 1421 32847
437 3732 4169
7976 22089 30065
2812 24717 27529
16142 5980 22122
16053 21714 37767
22320 1636 23956
2192 31393 33585
736 13882 14618
16792 21035 37827
24478 13360 37838
20582 15348 35930
20202 4759 24961
6548 30588 37136
2646 31877 34523
21621 29983 51604
15839 14037 29876
6147 32570 38717
7293 12910 20203
13337 32399 45736
8953 5065 14018
10979 24043 35022
31999 21421 53420
24210 20742 44952
16500 23869 40369
18260 682 18942
29449 19765 49214
17795 28183 45978
3601 13937 17538
25628 26535 52163
29840 4015 33855
8052 6318 14370
3988 11925 15913
1062 29348 30410
1224 29686 30910
14928 23942 38870
15174 3409 18583
20735 9593 30328
8877 28570 37447
24039 27569 51608
28787 28477 57264
17752 7825 25577
18301 6497 24798
15981 15635 31616
32237 12905 45142
26503 26987 53490
30012 32193 62205
32505 3815 36320
14472 13015 27487
5125 7962 13087
21807 17255 39062
17416 10809 28225
8604 22268 30872
22513 22213 44726
26209 8116 34325
22007 31850 53857
7558 27715 35273
23436 26152 49588
15393 6970 22363
21388 32688 54076
14887 21386 36273
23739 29201 52940
19586 9795 29381
29806 29587 59393
1380 32162 33542
14728 20195 34923
20186 32075 52261
23464 25969 49433
29604 14291 43895
2721 12567 15288
10820 23937 34757
31275 2299 33574
22101 18518 40619
19928 11702 31630
29726 2378 32104
329 24758 25087
25191 23257 48448
8353 2784 11137
32395 7358 39753
25914 13946 39860
18127 15615 33742
2711 24649 27360
30450 12841 43291
28570 25590 54160
21254 27357 48611
22519 1975 24494
5246 22155 27401
25065 27435 52500
11655 27518 39173
1060 23941 25001
22172 19993 42165
10250 24300 34550
6740 32096 38836
13345 20770 34115
21375 10426 31801
6853 7012 13865
20850 4852 25702
16666 17810 34476
5791 9866 15657
21061 20112 41173
25961 7970 33931
21212 16876 38088
3894 27738 31632
2202 20673 22875
14789 12739 27528
2648 29147 31795
3778 2093 5871
3128 19739 22867
2455 25638 28093
15396 30237 45633
22406 17853 40259
17015 14873 31888
32244 5516 37760
15097 1287 16384
15112 21237 36349
14865 8711 23576
21621 30635 52256
12854 23295 36149
18580 13428 32008
19879 15238 35117
5558 27438 32996
4188 31489 35677
3000 2576 5576
22076 21003 43079
23512 11315 34827
400 16155 16555
23238 9041 32279
28088 32352 60440
10495 20172 30667
31260 14576 45836
13654 25586 39240
16742 12066 28808
19923 2943 22866
20719 25144 45863
12993 30819 43812
29814 322 30136
24579 23494 48073
27160 7487 34647
167 23114 23281
4732 26756 31488
16574 26256 42830
29007 1378 30385
29034 9469 38503
4592 10243 14835
13112 15550 28662
9324 3989 13313
6832 14857 21689
26284 6826 33110
811 26022 26833
11757 31455 43212
997 13743 14740
9329 19388 28717
15187 15252 30439
3956 4316 8272
25783 13153 38936
12642 24398 37040
27633 6212 33845
7239 13882 21121
29592 25162 54754
2183 19144 21327
329 20841 21170
975 19261 20236
17471 27075 44546
3147 23912 27059
10788 1321 12109
27674 23612 51286
13863 7646 21509
26879 6334 33213
20047 13982 34029
7257 8738 15995
29455 991 30446
1877 22832 24709
5402 14935 20337
14178 21229 35407
32120 9918 42038
3813 20088 23901
31706 29397 61103
1582 16946 18528
20267 15271 35538
30891 17441 48332
31847 23823 55670
21084 20887 41971
1968 5754 7722
12679 14862 27541
17311 27886 45197
20653 12631 33284
10968 28236 39204
19644 19700 39344
30689 14802 45491
7046 28866 35912
28468 29155 57623
18034 28379 46413
3986 31499 35485
15730 24250 39980
7323 11326 18649
22069 28576 50645
14236 21600 35836
19357 14903 34260
31400 14603 46003
20851 21877 42728
18922 29324 48246
4186 12996 17182
20281 18734 39015
7681 1376 9057
21485 30652 52137
17821 14592 32413
27889 30529 58418
13463 15288 28751
11546 14354 25900
24449 7966 32415
20919 27662 48581
13135 21676 34811
7530 17957 25487
26308 2405 28713
21814 21271 43085
42 25787 25829
5080 20350 25430
25414 11953 37367
26459 7951 34410
31627 8509 40136
27879 18717 46596
22158 26864 49022
24282 7774 32056
17082 6360 23442
18713 27634 46347
17989 5542 23531
22441 24481 46922
610 15372 15982
29561 357 29918
22201 18025 40226
8578 26152 34730
22804 13736 36540
22546 32718 55264
30043 16741 46784
15973 11894 27867
18882 4946 23828
2678 30461 33139
4929 20954 25883
28948 708 29656
15941 15876 31817
23608 19636 43244
28581 26777 55358
23446 8063 31509
6615 17033 23648
882 18728 19610
29284 3211 32495
11701 10181 21882
23449 27140 50589
20800 29572 50372
5759 6954 12713
25472 27116 52588
20750 8809 29559
30787 15973 46760
25758 22790 48548
5066 29691 34757
22686 14082 36768
25375 1119 26494
32136 21057 53193
20137 30766 50903
13332 22763 36095
6909 21622 28531
13485 2835 16320
3063 375 3438
27425 30614 58039
15882 3750 19632
15004 70 15074
10708 30712 41420
15831 26952 42783
1525 20572 22097
22413 30651 53064
31522 30089 61611
10031 25498 35529
24181 12539 36720
13784 8420 22204
26119 27192 53311
28547 17402 45949
3009 20056 23065
15484 1352 16836
4719 4292 9011
20244 10279 30523
24854 10558 35412
31129 18690 49819
10376 13090 23466
8325 22200 30525
1845 20971 22816
7414 15170 22584
8004 16120 24124
9054 30614 39668
21219 25745 46964
636 14027 14663
6875 10789 17664
20107 7293 27400
11111 21973 33084
19641 21107 40748
23366 10039 33405
13018 6527 19545
271 3923 4194
3934 24998 28932
15045 10738 25783
28032 11649 39681
21419 23577 44996
2497 17635 20132
15449 15312 30761
10901 31421 42322
18704 9511 28215
29020 2622 31642
10827 8315 19142
14227 20286 34513
21398 32246 53644
19532 24028 43560
17571 19029 36600
9691 15718 25409
26779 238 27017
23507 19066 42573
32690 7921 40611
32049 1131 33180
18174 31726 49900
5846 18918 24764
21129 2967 24096
32315 18646 50961
19877 27848 47725
13408 9604 23012
5503 27076 32579
29957 7427 37384
25079 19906 44985
17949 9931 27880
28847 13224 42071
7040 22948 29988
26210 12822 39032
25312 6086 31398
23160 2214 25374
3070 17982 21052
16599 12914 29513
24861 5011 29872
9723 471 10194
17335 4522 21857
29001 10617 39618
8560 9959 18519
8608 22151 30759
13640 6805 20445
14386 16449 30835
26900 16520 43420
17810 20663 38473
27439 2048 29487
19725 19155 38880
19565 29137 48702
29246 4505 33751
14928 12737 27665
9437 29870 39307
10623 32562 43185
16088 9751 25839
1139 22785 23924
18597 15684 34281
12916 16557 29473
22486 27469 49955
2756 12476 15232
15342 17531 32873
2074 21082 23156
28019 17162 45181
20561 13892 34453
29508 26413 55921
25698 5348 31046
12845 6227 19072
3216 22973 26189
23225 11177 34402
21730 32266 53996
26951 13280 40231
11734 30370 42104
27744 32304 60048
1364 14623 15987
1352 24733 26085
27617 7231 34848
22227 15737 37964
6677 6027 12704
22138 24618 46756
27215 9782 36997
13230 5933 19163
6823 20807 27630
18797 12123 30920
27428 9467 36895
19986 13419 33405
27696 5476 33172
13681 6841 20522
4424 5719 10143
31011 13893 44904
23544 27269 50813
15135 8959 24094
13063 28136 41199
30346 578 30924
14831 24417 39248
13009 12702 25711
15503 28063 43566
27892 24282 52174
804 2882 3686
11045 7481 18526
8822 20032 28854
28305 24573 52878
7247 24200 31447
30590 32298 62888
25649 14310 39959
3990 9100 13090
7240 17191 24431
20098 21243 41341
7838 2685 10523
3259 24030 27289
9870 3365 13235
30877 29934 60811
11899 30278 42177
446 13885 14331
21954 15133 37087
3709 23670 27379
25324 25687 51011
12254 29542 41796
13865 1726 15591
18325 13755 32080
16378 12056 28434
21600 30732 52332
20525 17740 38265
22682 17690 40372
20750 10951 31701
3854 3926 7780
17116 6174 23290
25097 7075 32172
2938 32245 35183
22707 2396 25103
28263 27935 56198
28318 7065 35383
16624 18951 35575
2464 10158 12622
11940 20302 32242
478 19701 20179
8713 9141 17854
28714 22990 51704
9613 1854 11467
13967 483 14450
20671 23438 44109
30505 18865 49370
5567 2966 8533
27962 19268 47230
755 5746 6501
23675 14401 38076
19708 16785 36493
2736 15658 18394
13545 13847 27392
30591 10718 41309
7850 3455 11305
18050 863 18913
27591 4485 32076
3995 25304 29299
28242 13123 41365
2440 17887 20327
2074 32154 34228
17079 13303 30382
18977 1747 20724
23643 23897 47540
10320 9606 19926
31679 5876 37555
5482 27835 33317
26074 22450 48524
6975 13136 20111
31013 6909 37922
17186 10907 28093
31145 19586 50731
25244 18511 43755
25436 8500 33936
8290 1956 10246
13997 404 14401
17797 17842 35639
29534 26928 56462
12009 15646 27655
13714 24426 38140
29432 25849 55281
10535 28027 38562
3991 14053 18044
18245 13752 31997
13401 8314 21715
4663 4115 8778
31987 9192 41179
17274 20452 37726
12273 27613 39886
8212 5866 14078
21927 22185 44112
26407 22924 49331
15209 15520 30729
3782 30821 34603
14079 30143 44222
17159 4864 22023
15955 25235 41190
23386 30688 54074
10093 31831 41924
14873 21956 36829
9377 12381 21758
19040 4649 23689
20743 2735 23478
4126 26895 31021
24876 29685 54561
32364 14848 47212
19463 1689 21152
2078 9807 11885
47 16170 16217
7832 25758 33590
31051 3070 34121
4836 28066 32902
18889 28 18917
3329 26155 29484
27859 11608 39467
3453 27230 30683
29822 27072 56894
11590 7749 19339
26693 1079 27772
4029 10123 14152
26551 11360 37911
15116 29824 44940
25964 4542 30506
19129 29795 48924
3645 32281 35926
12412 9441 21853
12468 28451 40919
30542 6361 36903
14530 29531 44061
15555 23650 39205
5040 20018 25058
21657 23055 44712
4184 10092 14276
19089 9586 28675
3989 18890 22879
13949 20190 34139
6392 13542 19934
5787 9329 15116
10173 1630 11803
9249 1106 10355
17405 32308 49713
22041 9272 31313
15397 8821 24218
1647 29228 30875
4774 17945 22719
27977 29327 57304
29678 30507 60185
26262 16222 42484
18584 6186 24770
13802 3253 17055
14303 10414 24717
15497 22162 37659
11865 334 12199
21954 7132 29086
15586 1730 17316
19838 19108 38946
25557 6213 31770
9496 16810 26306
7811 15677 23488
6767 2851 9618
17117 22046 39163
9530 13497 23027
2420 21644 24064
24220 26836 51056
20900 16064 36964
1785 11544 13329
30219 556 30775
7687 27183 34870
17728 22882 40610
16680 8392 25072
29378 18738 48116
17399 28639 46038
5167 30994 36161
14112 20543 34655
32439 27332 59771
20854 10566 31420
6351 21810 28161
28479 8937 37416
29738 9885 39623
7122 22775 29897
17381 29174 46555
22885 21410 44295
770 19340 20110
6944 26939 33883
24343 22760 47103
9590 27965 37555
15175 6133 21308
18612 20621 39233
24434 8549 32983
10714 5888 16602
10153 27215 37368
3499 17950 21449
18405 18717 37122
23040 12582 35622
30712 16805 47517
16737 18002 34739
7107 23702 30809
19670 16731 36401
15274 3606 18880
14331 26432 40763
24901 28585 53486
21331 12100 33431
11352 20821 32173
24798 32053 56851
13318 26116 39434
7918 20724 28642
2113 3881 5994
30006 3890 33896
26501 2982 29483
30756 18296 49052
31942 3566 35508
13937 7018 20955
14759 32102 46861
1270 11084 12354
8428 26386 34814
15553 11205 26758
5426 24941 30367
8040 2275 10315
32733 26520 59253
21917 14944 36861
25683 28599 54282
15363 11556 26919
13160 16537 29697
29248 26122 55370
29464 19095 48559
24660 16871 41531
3708 1982 5690
9769 30409 40178
25079 10032 35111
10602 14972 25574
22449 1991 24440
13721 12883 26604
10310 17916 28226
25180 4132 29312
5055 24839 29894
13336 149 13485
9921 15176 25097
10945 20118 31063
24580 31206 55786
13041 24623 37664
18951 1974 20925
11575 28796 40371
23810 16222 40032
32689 10998 43687
15645 186 15831
26077 3059 29136
10463 13694 24157
29356 10865 40221
11241 2333 13574
30936 20239 51175
27108 22506 49614
19832 31836 51668
5560 6525 12085
6354 19540 25894
26878 19033 45911
10608 18216 28824
12217 6348 18565
32118 5950 38068
15424 22806 38230
30258 15993 46251
22399 1229 23628
27125 12474 39599
351 18815 19166
2081 30631 32712
5507 27290 32797
17284 17323 34607
10293 31369 41662
14052 3645 17697
12192 12064 24256
14299 12646 26945
19775 21818 41593
3046 6269 9315
19349 10144 29493
29624 28214 57838
9247 3373 12620
212 27611 27823
8583 560 9143
26970 11736 38706
29210 12562 41772
20001 12669 32670
15996 32313 48309
9991 24576 34567
6298 2859 9157
18821 19137 37958
22241 29943 52184
15751 31954 47705
12206 20945 33151
21626 1463 23089
10501 12796 23297
13990 8554 22544
12421 10221 22642
23230 8611 31841
28571 7085 35656
7093 31829 38922
12279 28031 40310
24788 9084 33872
25660 11203 36863
3082 2582 5664
10492 24602 35094
8835 31343 40178
20963 14283 35246
25467 8610 34077
22322 2917 25239
16725 29789 46514
14191 2470 16661
28903 20708 49611
8539 2460 10999
793 601 1394
31269 18442 49711
15534 2362 17896
5085 5133 10218
8289 19755 28044
10283 12031 22314
24372 7158 31530
27457 25500 52957
8965 6608 15573
19214 6243 25457
26466 1758 28224
11957 24895 36852
21662 32247 53909
19005 21607 40612
20772 4268 25040
23178 9859 33037
15628 25733 41361
23948 21008 44956
3052 13710 16762
6838 19973 26811
12529 25106 37635
4018 6071 10089
4398 25511 29909
5459 5114 10573
28723 22890 51613
20683 2953 23636
2786 1932 4718
17694 18088 35782
21630 28686 50316
6358 3079 9437
2565 26824 29389
25593 1770 27363
4032 21168 25200
6712 22663 29375
19736 22105 41841
25961 22703 48664
31403 18874 50277
1079 18865 19944
5791 9009 14800
280 892 1172
29494 7624 37118
21888 23043 44931
5027 29366 34393
19797 17126 36923
19229 19497 38726
16034 32334 48368
21041 21826 42867
27023 18200 45223
18012 2913 20925
5265 20023 25288
18393 13476 31869
14558 1363 15921
10680 8106 18786
21284 31926 53210
26672 4253 30925
11386 22633 34019
22838 32623 55461
12183 8346 20529
19278 2915 22193
7745 28993 36738
1698 18384 20082
15113 19716 34829
25681 17954 43635
15158 5975 21133
28681 289 28970
5375 31207 36582
18392 3446 21838
32253 14649 46902
11839 13162 25001
11743 15502 27245
649 22002 22651
14688 19723 34411
4954 19177 24131
6518 20502 27020
32651 2204 34855
13004 259 13263
6453 19595 26048
29043 28144 57187
32524 8046 40570
19669 15341 35010
24559 23159 47718
18410 30305 48715
7357 4567 11924
16814 28073 44887
15465 2179 17644
10706 26881 37587
26193 4408 30601
28081 12200 40281
22219 188 22407
12679 11583 24262
513 5480 5993
10717 13682 24399
22784 30691 53475
10568 10971 21539
25867 14640 40507
13907 3363 17270
11573 29163 40736
15802 12907 28709
6703 26319 33022
13529 12266 25795
19550 22140 41690
16483 13783 30266
6192 21623 27815
13143 25225 38368
7345 21875 29220
31280 20701 51981
10329 20687 31016
18013 26072 44085
24616 7007 31623
3568 8589 12157
23798 24431 48229
13210 30529 43739
13060 22021 35081
27351 28878 56229
6102 9575 15677
11366 8517 19883
6725 2269 8994
20220 10967 31187
8400 9656 18056
6201 23542 29743
8755 12691 21446
23003 10167 33170
19515 19929 39444
28466 32123 60589
3288 15496 18784
11988 17358 29346
12660 21044 33704
9361 31375 40736
4227 18766 22993
10153 18514 28667
29019 23206 52225
8509 30466 38975
9798 16175 25973
5892 9163 15055
3286 32514 35800
20031 9782 29813
26745 12710 39455
6895 29334 36229
19277 5007 24284
12101 31652 43753
310 5348 5658
32602 22374 54976
12589 17798 30387
3360 11093 14453
10459 16973 27432
12441 9150 21591
1638 1941 3579
12358 31337 43695
13451 19705 33156
15843 20601 36444
27885 20062 47947
11089 24467 35556
13484 9780 23264
27604 17986 45590
1850 7416 9266
13694 29594 43288
9066 4605 13671
22251 30236 52487
11978 24941 36919
5423 12762 18185
9011 27530 36541
9741 16860 26601
15006 8506 23512
6762 2241 9003
19769 14787 34556
19712 13481 33193
21947 30163 52110
10583 14931 25514
4084 5059 9143
24305 2947 27252
26024 22812 48836
21701 3239 24940
7581 21851 29432
28912 3513 32425
243 16881 17124
2214 19047 21261
27316 9102 36418
3182 13682 16864
30124 4255 34379
17551 4948 22499
15483 16662 32145
12741 10277 23018
24552 19305 43857
26169 31935 58104
18296 13021 31317
27312 32545 59857
20544 11012 31556
1027 529 1556
24055 13444 37499
27855 24582 52437
591 30491 31082
22381 17732 40113
11909 31968 43877
19493 25929 45422
9015 13004 22019
14238 8040 22278
4727 21112 25839
15769 22196 37965
10269 6440 16709
9183 287 9470
27745 28681 56426
27000 12771 39771
13481 27063 40544
24094 8993 33087
5791 14594 20385
19954 712 20666
4487 1266 5753
5485 1721 7206
25040 15881 40921
12696 3113 15809
13032 22727 35759
8320 17990 26310
9045 4468 13513
9700 16413 26113
20226 7449 27675
18482 13755 32237
21462 27600 49062
6578 2194 8772
1163 24637 25800
8704 21279 29983
15806 8285 24091
31679 24522 56201
4418 25470 29888
31372 1806 33178
15290 24975 40265
27953 14553 42506
6247 18330 24577
20507 13622 34129
1854 21903 23757
1039 14377 15416
31038 2371 33409
23832 7386 31218
5888 31416 37304
7620 15350 22970
13712 19871 33583
12943 2387 15330
3451 23579 27030
16800 13523 30323
26665 32456 59121
25267 21130 46397
14189 5628 19817
4951 20003 24954
19291 14413 33704
15193 11647 26840
6746 10835 17581
21888 26272 48160
20346 943 21289
4218 19654 23872
4871 9547 14418
31767 22743 54510
16734 25828 42562
5813 20740 26553
1023 4550 5573
20220 5034 25254
228 14039 14267
19915 2422 22337
5137 15831 20968
7281 717 7998
18285 22502 40787
31521 1131 32652
31952 20295 52247
31648 18250 49898
32349 9827 42176
13377 28613 41990
26898 10257 37155
7955 16381 24336
9629 19732 29361
31065 18812 49877
25457 6885 32342
14138 25112 39250
18970 24500 43470
24506 24602 49108
21709 28585 50294
25833 24992 50825
3140 18287 21427
19546 9024 28570
4809 14323 19132
15319 10734 26053
13968 32617 46585
15955 17440 33395
32329 29585 61914
21792 9776 31568
25590 8504 34094
10595 9729 20324
12794 1281 14075
29124 23013 52137
13939 16741 30680
24682 7870 32552
16586 30201 46787
11558 18788 30346
7561 7151 14712
4078 1863 5941
1132 3040 4172
16270 12886 29156
11450 4297 15747
18586 7199 25785
31701 11347 43048
20647 5175 25822
528 28759 29287
6586 11740 18326
14786 4513 19299
23041 2265 25306
15513 6132 21645
15297 8618 23915
25392 20303 45695
6544 27873 34417
739 24175 24914
19140 16840 35980
15842 9877 25719
5163 22600 27763
6532 20617 27149
4349 24073 28422
20190 10975 31165
10254 26331 36585
2453 15737 18190
24904 15445 40349
2288 13901 16189
12121 20667 32788
22321 4968 27289
425 22821 23246
2854 11827 14681
12943 21214 34157
18427 3062 21489
9668 30731 40399
28498 6042 34540
11032 26509 37541
14741 10419 25160
31075 1064 32139
10379 31678 42057
21951 20196 42147
2090 32678 34768
15092 16563 31655
29101 7310 36411
5428 26453 31881
1254 22474 23728
26121 18809 44930
19412 31022 50434
25739 22053 47792
31864 5516 37380
28118 25431 53549
3301 8824 12125
22971 32749 55720
19863 30542 50405
1974 7362 9336
32261 24439 56700
14368 20762 35130
3961 8679 12640
1446 15936 17382
2592 8682 11274
4858 22125 26983
18525 32033 50558
16584 2796 19380
31843 19143 50986
32748 9596 42344
13315 24633 37948
5090 20726 25816
20162 16054 36216
22910 5423 28333
6703 3683 10386
26077 18976 45053
2164 19090 21254
4507 17988 22495
13610 835 14445
17478 19522 37000
11378 22507 33885
5139 31692 36831
10305 3957 14262
3536 18887 22423
14331 29063 43394
14618 17324 31942
1604 17670 19274
11472 8750 20222
12563 6108 18671
18376 28445 46821
26631 13305 39936
25024 17034 42058
17663 26007 43670
2199 23340 25539
4837 30403 35240
7613 5634 13247
30410 1049 31459
26600 2362 28962
12088 3791 15879
27912 18002 45914
24003 28661 52664
10366 1917 12283
3810 4346 8156
29064 19528 48592
29693 3443 33136
9728 10621 20349
967 8728 9695
27975 20551 48526
29902 3343 33245
10108 4248 14356
18001 17262 35263
23793 23240 47033
19281 8187 27468
16863 1151 18014
27626 28470 56096
8792 21716 30508
4324 31897 36221
19070 7094 26164
28038 1310 29348
16115 22667 38782
7082 13058 20140
22928 13336 36264
15895 1736 17631
7770 20897 28667
7434 20866 28300
23729 15185 38914
28950 9292 38242
28875 28124 56999
20526 22809 43335
14689 18274 32963
28929 6322 35251
5544 23959 29503
14470 507 14977
32643 32545 65188
17879 22136 40015
5623 25665 31288
28738 20497 49235
11231 21174 32405
27549 1042 28591
12001 14558 26559
1755 30582 32337
31392 1055 32447
14557 18533 33090
27699 13957 41656
28554 4347 32901
18903 32684 51587
21794 26443 48237
21216 23777 44993
32719 7844 40563
3062 1156 4218
16254 11795 28049
7037 8368 15405
32236 24616 56852
19029 7455 26484
25860 12285 38145
31940 3143 35083
16232 30581 46813
14256 26569 40825
18254 21186 39440
1554 12300 13854
22413 23850 46263
21159 12069 33228
13047 11018 24065
2537 25339 27876
21994 9499 31493
6205 21160 27365
1570 10484 12054
6254 21282 27536
5329 4816 10145
18010 32538 50548
1778 5266 7044
2539 26148 28687
6106 32262 38368
11849 14105 25954
18960 23146 42106
6478 27065 33543
31326 1837 33163
5947 11157 17104
10536 10230 20766
3753 5165 8918
28157 7144 35301
12482 25685 38167
18796 22565 41361
31152 21725 52877
18713 19344 38057
5462 14448 19910
12816 12248 25064
31806 29885 61691
9560 27570 37130
23763 5845 29608
29388 27237 56625
9425 1748 11173
3622 3212 6834
16121 7876 23997
23133 5655 28788
22793 10430 33223
16177 15764 31941
17899 2130 20029
15619 16557 32176
20525 4906 25431
29419 8689 38108
4273 23785 28058
19205 29655 48860
7590 31321 38911
16651 21759 38410
9654 32710 42364
30505 444 30949
19329 16037 35366
3340 7888 11228
21835 1658 23493
27965 8566 36531
1265 27896 29161
1197 30886 32083
11298 24937 36235
6289 23444 29733
20683 3920 24603
11887 24954 36841
30163 21581 51744
14969 18071 33040
23561 19778 43339
2075 631 2706
20315 16052 36367
4304 4982 9286
21576 23668 45244
13625 9088 22713
18840 13438 32278
3184 27162 30346
21066 16673 37739
15770 28582 44352
7118 26208 33326
6075 5602 11677
21620 24217 45837
23503 2483 25986
26149 23140 49289
27926 545 28471
18769 22462 41231
23471 28834 52305
1064 29799 30863
32104 1691 33795
10765 16264 27029
2261 13348 15609
28487 20121 48608
26271 1036 27307
9466 6530 15996
11551 31004 42555
12630 25088 37718
31275 20640 51915
22543 10827 33370
7984 20004 27988
26381 32502 58883
